[[[0.61960784 0.62745098 0.61960784 ... 0.61176471 0.61176471 0.61568627]
  [0.61568627 0.62352941 0.61960784 ... 0.61568627 0.61960784 0.62352941]
  [0.62352941 0.61960784 0.61960784 ... 0.62352941 0.62352941 0.62745098]
  ...
  [0.56078431 0.55686275 0.56078431 ... 0.65490196 0.64705882 0.65098039]
  [0.54901961 0.54117647 0.54901961 ... 0.65098039 0.65098039 0.64705882]
  [0.55686275 0.55294118 0.55686275 ... 0.65098039 0.65098039 0.64705882]]

 [[0.62352941 0.62745098 0.62352941 ... 0.61568627 0.61568627 0.61568627]
  [0.61960784 0.62352941 0.62352941 ... 0.61176471 0.61568627 0.61568627]
  [0.62745098 0.62352941 0.61960784 ... 0.61960784 0.61960784 0.61960784]
  ...
  [0.55686275 0.54901961 0.54901961 ... 0.65490196 0.64313725 0.65490196]
  [0.55686275 0.54901961 0.54901961 ... 0.65490196 0.65490196 0.65098039]
  [0.56078431 0.55686275 0.55686275 ... 0.65490196 0.65490196 0.65098039]]

 [[0.63137255 0.63137255 0.62745098 ... 0.61960784 0.62352941 0.61960784]
  [0.63137255 0.63137255 0.62745098 ... 0.62745098 0.63137255 0.62745098]
  [0.64313725 0.62745098 0.62352941 ... 0.62352941 0.62745098 0.62352941]
  ...
  [0.56862745 0.56862745 0.56862745 ... 0.65490196 0.65098039 0.65490196]
  [0.58431373 0.58431373 0.58431373 ... 0.65882353 0.65490196 0.65098039]
  [0.57647059 0.57647059 0.57647059 ... 0.67058824 0.65882353 0.65490196]]

 ...

 [[0.88235294 0.84705882 0.90980392 ... 0.57254902 0.58823529 0.62745098]
  [0.8627451  0.85098039 0.91372549 ... 0.57254902 0.58823529 0.62352941]
  [0.84705882 0.87058824 0.92156863 ... 0.57254902 0.58039216 0.61568627]
  ...
  [0.8        0.78823529 0.78823529 ... 0.76862745 0.76862745 0.77254902]
  [0.79607843 0.78823529 0.78431373 ... 0.76470588 0.76470588 0.76862745]
  [0.79607843 0.78823529 0.78431373 ... 0.76470588 0.76470588 0.76470588]]

 [[0.87058824 0.84313725 0.82745098 ... 0.54509804 0.55686275 0.61568627]
  [0.8745098  0.85098039 0.85882353 ... 0.57254902 0.57254902 0.62745098]
  [0.8745098  0.85490196 0.8745098  ... 0.58431373 0.58431373 0.63137255]
  ...
  [0.81176471 0.79607843 0.79215686 ... 0.76862745 0.76862745 0.77254902]
  [0.80784314 0.78823529 0.78823529 ... 0.76470588 0.76470588 0.76862745]
  [0.80784314 0.79215686 0.78823529 ... 0.76470588 0.76470588 0.77254902]]

 [[0.44705882 0.45882353 0.42745098 ... 0.28235294 0.29803922 0.36470588]
  [0.52941176 0.56862745 0.53333333 ... 0.34117647 0.3372549  0.40784314]
  [0.57254902 0.61176471 0.58039216 ... 0.36862745 0.36470588 0.43529412]
  ...
  [0.54117647 0.53333333 0.52156863 ... 0.50588235 0.50588235 0.51372549]
  [0.54117647 0.53333333 0.52156863 ... 0.50588235 0.50588235 0.50980392]
  [0.5372549  0.52941176 0.51764706 ... 0.50588235 0.50588235 0.50980392]]]
